results/1.png   0.006126   12   154.708333333   72.3266485966
results/10.png   0.213287   328   491.381097561   225.56788675
results/11.png   0.093492   102   367.132352941   223.295854989
results/12.png   0.240446   121   298.892561983   149.769936608
results/13.png   0.171013   210   363.814285714   175.133857067
results/14.png   0.127296   170   457.114705882   206.633477916
results/15.png   0.124343   214   240.705607477   200.065730475
results/16.png   0.273393   48   592.229166667   228.859558425
results/17.png   0.127981   154   318.279220779   222.893129909
results/18.png   0.096631   246   272.211382114   177.040531028
results/19.png   0.196392   122   467.795081967   232.931986785
results/2.png   0.198004   185   410.724324324   238.654193349
results/20.png   0.103207   231   253.075757576   201.743090498
results/21.png   0.103023   106   357.316037736   199.844778509
results/22.png   0.119477   366   250.224043716   181.79457668
results/23.png   0.098007   380   192.35   153.711665739
results/24.png   0.102365   362   184.892265193   169.915869647
results/25.png   0.111269   637   138.851648352   110.83430383
results/26.png   0.092935   415   155.565060241   139.139383556
results/27.png   0.081149   333   175.354354354   155.192887694
results/28.png   0.404792   468   411.033119658   221.127461294
results/29.png   0.096827   44   511.159090909   271.620657367
results/3.png   0.154836   221   339.739819005   241.989241839
results/30.png   0.35654   437   405.433638444   207.20878534
results/4.png   0.137162   232   324.993534483   234.961687452
results/5.png   0.042159   191   161.630890052   144.006121302
results/6.png   0.127736   238   272.317226891   221.204018147
results/7.png   0.160291   154   451.029220779   213.824354706
results/8.png   0.211236   119   456.705882353   236.99455204
results/9.png   0.119723   252   272.468253968   179.229759058
